$ANSIBLE_VAULT;1.1;AES256
62366236336235313365383432646637383738316536636335656633306661626235656364636133
6361313137616261656261363065336432623833336533650a313630316135386437336565383035
64336235643238323132306136303834633763316162353264653566353632376136633133633764
6639336364393130360a363939306166663130666231663165336564373639646165326430623739
33623233653466306238643536613661633134306434643338326161633238316663313735646239
36323263373566303263366334333436393139633133386232303535393764336664326339616261
66393831633934363730373539356637343464633263383862393238356263643234323438646664
62303330636335373966393532663333393635326636393164303162663530303865343633393439
36643365643362303431373938623334396364613331656362323566336531376332393066376637
62363565316332373466653035653135336164333163633136363034363532633533636433653931
32373363663336613734373138366363393734663164393831653032383536303839323033383338
33646130306232363662633035646139323239636230343637636635343935613761356363326265
35613535373463306562396361373937643766626661623766363361643165636533623262343063
32333739393136623930333932666661326632643537613565653638393463356432623731646133
63646133333163643438643761363930363034653665356630353162353133613362633639633938
30653466633435653061636633613534666236613231663732616635663537363139393939643033
66393735386235396262353666303034623064623931663338346231303837313132313266393461
30363666326163313364653533386233666534633063353939313263353165613865386437656634
62383534643765396663383733336266363939626162326562326362646165633234623230323634
65336530663039393366373262313137313639373565653039343136663436346162636633383165
32366463393139343363366131373137666137636666666566653862316363616232393737623163
39386335396235616538363965356266346139323635383663666138373931623564323537396431
39343364326164333433393364376164363033393236663534363935373463363661623535623231
34386165313435343133356332323932316530313333363731653139303962343566336638373463
35376236383931646334636262306536613561633566373838376664326533316664
